INFO: 2023-05-07 19:48:55,854: Data
INFO: 2023-05-07 19:48:55,983: Data shape (110527, 14)
INFO: 2023-05-07 19:48:56,161: Percentage of women: 0.653882342398853
INFO: 2023-05-07 19:48:56,315: Percentage of men: 0.346117657601147
ERROR: 2023-05-07 19:48:56,888: Data shape is incorrect!
